[admiss2.jpg]
filters=retouch=1;
moddate=42a1a05e24dad401
width=1063
height=472
textactive=0
[jssjd.jpg]
filters=retouch=1;
moddate=f29d3ac424dad401
width=1063
height=472
textactive=0
[jssjd.1.jpg]
filters=retouch=1;
moddate=1d991bea24dad401
width=1063
height=472
text=1;133;12;Apply Online;Arial;0.222339,0.129946,0.174118,0.000000;v1,4294967295,4278190080,128.000000,1.000000,0.000000,1.000000,400,0,49152;;
textactive=1
