[admiss2.jpg]
backuphash=13951
moddate=570b0f6923dad401
filters=retouch=1;
text=2;126;5;Apply;Arial;0.323309,-0.031115,0.189099,6.283185;v1,4294967295,4278190080,128.000000,1.000000,0.000000,1.000000,700,0,49152;;126;6;Online;Arial;0.247336,0.130878,0.297140,0.000000;v1,4294967295,4278190080,128.000000,1.000000,0.000000,1.000000,700,0,49152;;
textactive=1
[jssjd.jpg]
backuphash=26832
[jhsjds.jpg]
backuphash=33448
